5.680376  
5.566198  
5.823295  
4.670445  
4.555550  
4.954794  
4.729569  
5.904459  
5.271423  
4.283205  
4.032601  
4.274463  
4.313358  
4.259581  
5.997849  
5.025865  
5.225280  
5.275105  
4.987166  
4.585033  
5.053490  
4.800457  
4.566629  
5.615449  
4.139511  
5.051991  
4.384428  
5.780465  
4.128343  
4.915403  
4.476560  
5.804416  
4.533331  
4.750414  
5.025071  
5.063213  
4.875275  
5.861619  
4.568587  
5.279958  
5.375723  
4.880209  
5.658402  
4.457936  
4.700720  
5.912937  
5.314608  
4.879120  
4.796874  
5.368437  
4.964981  
5.900505  
4.295320  
5.282161  
5.239193  
5.572004  
4.894067  
4.375066  
5.112887  
4.339214  
4.206342  
4.990888  
5.969503  
5.368890  
5.499542  
4.588321  
5.168977  
4.304780  
4.250950  
4.328204  
4.149060  
4.105059  
4.352421  
5.595596  
5.313128  
5.278917  
4.186961  
5.040420  
4.139813  
4.922841  
5.146637  
4.103878  
5.999987  
5.779912  
5.995598  
5.741080  
4.008323  
5.187784  
4.326263  
5.826053  
4.718191  
5.158860  
5.374775  
5.061616  
4.608590  
5.153942  
5.495619  
4.070842  
5.666477  
5.746542  
5.958868  
5.806733  
5.333761  
4.327936  
5.777897  
5.299414  
5.258959  
5.401240  
4.657554  
4.148322  
4.447313  
5.021372  
4.560084  
5.438537  
4.942967  
5.888636  
4.672702  
4.869027  
4.689886  
5.666487  
5.350952  
4.963871  
5.424174  
5.243646  
4.827968  
5.347873  
4.694232  
5.218212  
5.461459  
5.480877  
5.841829  
5.306261  
5.064882  
4.520994  
5.372250  
4.222551  
5.153381  
5.333113  
5.551535  
4.659284  
5.968727  
5.654782  
4.376402  
5.917274  
5.529743  
4.242286  
4.767664  
5.886103  
5.723834  
5.587314  
4.594577  
5.819286  
4.996288  
4.325513  
5.729158  
4.927324  
4.991955  
4.360843  
5.455101  
5.206218  
5.676267  
4.356415  
4.997051  
4.276477  
4.649614  
5.816969  
5.673656  
4.992149  
4.788654  
5.217766  
4.302460  
4.215696  
4.727197  
4.662772  
4.854655  
5.167140  
5.317493  
4.974854  
5.766073  
5.035429  
5.115121  
5.659878  
4.488654  
5.458720  
5.969689  
5.795121  
4.821576  
5.566564  
4.587356  
5.731070  
4.098325  
5.972934  
4.421766  
5.730362  
4.199119  
4.603526  
5.618191  
4.103016  
4.915431  
5.384153  
4.238223  
5.157269  
5.190091  
4.608571  
4.953169  
5.219458  
5.237851  
4.467312  
4.140181  
5.847456  
4.963467  
5.653539  
4.714386  
4.688502  
5.318292  
4.514938  
5.251928  
4.616313  
4.396041  
4.219465  
5.564525  
4.400705  
4.631316  
4.461992  
5.065692  
5.110795  
4.760429  
4.610816  
4.520890  
5.104633  
5.371973  
5.395697  
5.291778  
5.065920  
5.236894  
5.037030  
4.724308  
5.603794  
4.305752  
4.127121  
4.375233  
5.400602  
4.002251  
4.610477  
5.310736  
4.362322  
5.334681  
5.306610  
5.770029  
4.314279  
5.657915  
5.808340  
4.789042  
5.737848  
5.477919  
4.466238  
5.102886  
4.988814  
5.878258  
5.628277  
5.314402  
5.871704  
5.748619  
5.275542  
5.550843  
4.525569  
4.941128  
5.590981  
5.746043  
4.824965  
5.193798  
5.077113  
5.158043  
5.401821  
5.665218  
4.225296  
5.020698  
5.628703  
5.275313  
4.287964  
4.494065  
4.034913  
5.147442  
5.165364  
4.954723  
4.117446  
5.281533  
4.445205  
5.260486  
5.475877  
4.877124  
5.905324  
5.798172  
4.667139  
4.438272  
5.899641  
5.768636  
4.367531  
5.560448  
5.809563  
5.523225  
4.663692  
5.121569  
5.244333  
4.955922  
5.307760  
4.421383  
5.730867  
4.747112  
5.293040  
5.353108  
4.117721  
5.127235  
4.037821  
4.018147  
5.202854  
5.774394  
4.346129  
4.975441  
5.278018  
4.310673  
5.764409  
5.798862  
4.951611  
5.893281  
5.731358  
5.437333  
4.368133  
4.334331  
5.252250  
4.253338  
5.893849  
4.321649  
4.923696  
5.830441  
5.228454  
4.787492  
4.873170  
4.488137  
5.132329  
4.069433  
5.627807  
4.712766  
4.071333  
4.401894  
5.399574  
5.778687  
4.682965  
5.533402  
5.397426  
5.808374  
5.504957  
5.618742  
5.182221  
4.202909  
4.488297  
5.178237  
5.779106  
4.112044  
4.938100  
5.174022  
5.169170  
5.631098  
5.053045  
5.458796  
4.528344  
5.076351  
5.863036  
4.411428  
4.801970  
5.359807  
4.886678  
5.406373  
4.429048  
4.516223  
4.032355  
5.704823  
4.642955  
5.053660  
4.500421  
4.146472  
5.779625  
5.062066  
5.917914  
4.687919  
4.087831  
4.010152  
4.585771  
5.640293  
4.934942  
4.381967  
5.846762  
4.168822  
5.422710  
4.185717  
5.734938  
4.951895  
5.555010  
5.157225  
5.487454  
4.192808  
5.892870  
4.549793  
5.619485  
5.493461  
4.346601  
5.521724  
5.962217  
4.683079  
4.913028  
5.308057  
5.200984  
4.162530  
4.273912  
4.228918  
5.164899  
5.336651  
4.624687  
5.536411  
4.076530  
4.798600  
4.905300  
4.616494  
4.010870  
4.252444  
4.168369  
5.571865  
5.820453  
4.125348  
5.054150  
5.855731  
4.775992  
5.276819  
5.078827  
5.644852  
5.843102  
5.578487  
4.763775  
5.615919  
5.494554  
5.698543  
5.428864  
5.032277  
5.004803  
5.343681  
5.511891  
4.278002  
4.391796  
5.688562  
4.368051  
4.625979  
5.776865  
4.959554  
4.399448  
5.315286  
4.443835  
5.556925  
4.284237  
5.122015  
5.746828  
5.347992  
5.665109  
5.546602  
5.180814  
5.527528  
4.568579  
5.760017  
4.357973  
4.886085  
5.295044  
4.651423  
5.215201  
5.611578  
4.797551  
4.788477  
5.199289  
5.803097  
5.762464  
4.921303  
4.584864  
4.492142  
4.602338  
5.498886  
4.971732  
5.717732  
4.586343  
4.005656  
4.577503  
5.300982  
4.350826  
5.919433  
4.225929  
4.414513  
5.072229  
4.931670  
5.784647  
4.810534  
5.675972  
5.347296  
4.694393  
4.914479  
5.434183  
5.082279  
4.537368  
5.386741  
4.472720  
4.438310  
5.028703  
4.687040  
4.188640  
5.758025  
5.042521  
4.360273  
4.877981  
5.366197  
4.772597  
4.853109  
5.200811  
4.218467  
4.318649  
4.626374  
4.911381  
5.490016  
5.917507  
4.041017  
5.795766  
4.079434  
4.367602  
5.556781  
4.147276  
4.817956  
5.203654  
5.126654  
5.606453  
4.142644  
4.950328  
4.716471  
5.833702  
5.801793  
4.383544  
5.857356  
5.641851  
5.017598  
4.376496  
5.255036  
5.497357  
5.443645  
5.744057  
5.105475  
5.915419  
5.275612  
4.017137  
4.727455  
4.198570  
5.602048  
4.372057  
4.761424  
5.396193  
4.023361  
4.353401  
4.296461  
5.351389  
4.551768  
4.310404  
4.445956  
4.905362  
5.091569  
5.713652  
4.773339  
4.348271  
4.494336  
5.834789  
4.734237  
5.034781  
5.003671  
4.035995  
5.238939  
5.040236  
4.482830  
5.447950  
5.576463  
4.650354  
5.275813  
4.487055  
4.276227  
4.424537  
5.555655  
4.026323  
5.490309  
5.047491  
4.449286  
5.794111  
4.470870  
5.478933  
4.184988  
5.882486  
5.280197  
4.429482  
4.896846  
4.605160  
5.751864  
5.943636  
5.289024  
5.597412  
5.031064  
5.273313  
5.728388  
5.168576  
5.901771  
5.152959  
5.574394  
5.848208  
5.568285  
5.410600  
5.194227  
5.638203  
5.045458  
4.253611  
5.551799  
5.113815  
4.495924  
4.063213  
5.454551  
4.423572  
5.879299  
5.443080  
4.611975  
4.308283  
5.568978  
4.645390  
5.734643  
5.709296  
5.865432  
5.114583  
5.813929  
4.000094  
4.615527  
4.534166  
5.295095  
5.426400  
4.534269  
4.628086  
4.160768  
5.326503  
4.655252  
4.492951  
4.255486  
5.169996  
4.165154  
5.538149  
4.512977  
4.288936  
5.601549  
5.198581  
5.780840  
4.071039  
5.494461  
5.461353  
5.635494  
5.384975  
4.759749  
4.680641  
4.080174  
5.136152  
4.135216  
4.224411  
4.212543  
5.776696  
5.336449  
4.710738  
5.600259  
5.432399  
5.480901  
4.749949  
5.681608  
5.407141  
4.012851  
5.456591  
5.938419  
4.338354  
5.267045  
4.721828  
5.076111  
5.293681  
5.473802  
5.529850  
4.786194  
4.168780  
5.856000  
5.383491  
5.053654  
5.978966  
4.878415  
5.159531  
4.028300  
4.890470  
4.060648  
4.774933  
4.110821  
5.549318  
4.073032  
4.658683  
4.041416  
5.126322  
5.746193  
5.435025  
5.300445  
5.866352  
4.849547  
4.995694  
4.523767  
4.173193  
5.498460  
5.721174  
5.016739  
5.193904  
4.349660  
5.948997  
4.680051  
4.288493  
5.585133  
5.226091  
5.137508  
5.064436  
4.118327  
4.864903  
5.946293  
5.226508  
5.986221  
5.054035  
4.218174  
4.092731  
4.100526  
4.958910  
5.117047  
5.206822  
4.970920  
5.587757  
5.525358  
4.095483  
4.712324  
4.285778  
5.998482  
4.103370  
4.459968  
4.987663  
5.405344  
5.245975  
5.122121  
4.286448  
5.452289  
4.941348  
5.926184  
4.531637  
5.181299  
5.095226  
5.587507  
4.552240  
4.893289  
5.570693  
5.813015  
4.031398  
5.638748  
4.724229  
5.482260  
5.000037  
4.503948  
5.357757  
4.470490  
5.881674  
4.516514  
5.545412  
4.357903  
5.690010  
4.753262  
4.604450  
5.819057  
5.784636  
5.913222  
4.218674  
5.519543  
4.330030  
5.160097  
4.453623  
5.577181  
5.282376  
5.312197  
4.197715  
4.925440  
4.921293  
5.148427  
4.244978  
4.161591  
4.425290  
4.538479  
5.470294  
5.862676  
4.081512  
5.488112  
4.653360  
4.870431  
5.158988  
4.763525  
5.852729  
5.244428  
5.367666  
4.299764  
5.360340  
5.642258  
4.536168  
4.429595  
4.238758  
5.806787  
5.315043  
4.855404  
4.360193  
5.904140  
5.908464  
4.875883  
4.356628  
4.535214  
4.513167  
5.336937  
5.296333  
5.659137  
5.159931  
5.838963  
4.381003  
5.718958  
4.940650  
5.664450  
4.300198  
4.820023  
4.236253  
5.969855  
5.816217  
4.317174  
5.340048  
4.202891  
4.633306  
4.468883  
5.950761  
5.191926  
5.953596  
4.027810  
5.485245  
4.195087  
5.260849  
5.994105  
4.711016  
4.089982  
4.469029  
4.856617  
4.061267  
4.445459  
4.921536  
4.487810  
5.222187  
5.204061  
4.590619  
4.070028  
4.924130  
5.861307  
5.280225  
5.682080  
5.819371  
4.518474  
4.179218  
4.097477  
4.434599  
4.935059  
5.457277  
4.228433  
5.102604  
5.855246  
4.664364  
5.769087  
4.190389  
5.773473  
5.485805  
5.461855  
5.227614  
5.593576  
5.355420  
5.647318  
4.233989  
5.146155  
4.005245  
4.370730  
4.807081  
4.801072  
4.151250  
5.059939  
4.200553  
5.812253  
4.288965  
4.991534  
5.254437  
4.923411  
4.276164  
4.399876  
5.153106  
4.201419  
4.920619  
4.266201  
4.798125  
5.199145  
5.637432  
5.291013  
5.092497  
5.524343  
4.377374  
4.898041  
5.100988  
4.241668  
4.392182  
5.887305  
4.187575  
4.703639  
4.660872  
4.835894  
4.037112  
4.408371  
4.294124  
5.512528  
4.802650  
4.768083  
5.552748  
4.811834  
5.487576  
4.030888  
5.695046  
5.425045  
4.006916  
4.990816  
5.098522  
4.126786  
5.861750  
4.810177  
4.234541  
5.542495  
5.359577  
4.217215  
5.976701  
5.566061  
4.082552  
5.344034  
5.515141  
5.660221  
4.897762  
4.189846  
4.477746  
5.131917  
4.851789  
4.495370  
4.264801  
4.123521  
4.348444  
4.536702  
5.369786  
5.789422  
5.699712  
5.229937  
5.902534  
4.736910  
5.541193  
4.796579  
5.243388  
4.358437  
5.870592  
5.181506  
4.891673  
5.759769  
5.645763  
5.565262  
4.399234  
4.467887  
4.488139  
5.313799  
4.587982  
5.190969  
4.977466  
4.148116  
5.916045  
4.316031  
5.360359  
5.922028  
4.802564  
5.492149  
5.978269  
5.463877  
4.412094  
4.476449  
5.629589  
5.290906  
5.840959  
4.346745  
4.469422  
5.039279  
5.001413  
